import numpy as np
import matplotlib.pyplot as plt
import seaborn as sns
from matplotlib.font_manager import FontProperties
import os

labels_english = ['a', 'd', 'e', 'f', 'j', 'n', 'o', 's', 't', 'v']
model_names = ['CTNet [27]', 'SATran-Net [28]', 'FineSTAN (Ours)']

cm_ctnet = np.array([
    [0.3255, 0.1898, 0.0321, 0.0429, 0.025, 0.0786, 0.0985, 0.1201, 0.0482, 0.0393],
    [0.2368, 0.3732, 0.0287, 0.0375, 0.0196, 0.0571, 0.1054, 0.0681, 0.0232, 0.0503],
    [0.0286, 0.025, 0.6911, 0.0286, 0.0464, 0.0161, 0.0607, 0.0643, 0.0286, 0.0107],
    [0.0357, 0.0214, 0.0286, 0.4663, 0.0517, 0.0571, 0.0696, 0.0536, 0.166, 0.05],
    [0.0071, 0.0339, 0.0607, 0.0625, 0.5911, 0.0857, 0.025, 0.025, 0.0625, 0.0464],
    [0.05, 0.0286, 0.0268, 0.0411, 0.0304, 0.5429, 0.0589, 0.0554, 0.0446, 0.1214],
    [0.0781, 0.0696, 0.0516, 0.0268, 0.025, 0.0375, 0.4759, 0.1215, 0.0589, 0.0551],
    [0.0304, 0.0196, 0.0554, 0.0321, 0.0179, 0.0268, 0.1232, 0.6446, 0.0286, 0.0214],
    [0.0143, 0.0268, 0.0607, 0.1017, 0.0696, 0.0268, 0.05, 0.0536, 0.5519, 0.0446],
    [0.0267, 0.0214, 0.025, 0.0268, 0.0392, 0.1425, 0.0357, 0.0179, 0.0553, 0.6095]
])

cm_satran = np.array([
    [0.3131, 0.2346, 0.0411, 0.0375, 0.0232, 0.0518, 0.1397, 0.0787, 0.0375, 0.0429],
    [0.1936, 0.3969, 0.0358, 0.0357, 0.0197, 0.0608, 0.1359, 0.0358, 0.0429, 0.0430],
    [0.0268, 0.0214, 0.6911, 0.0375, 0.0179, 0.0196, 0.0786, 0.0554, 0.0339, 0.0179],
    [0.0357, 0.0321, 0.0268, 0.4501, 0.0696, 0.0554, 0.0892, 0.0446, 0.1429, 0.0536],
    [0.0214, 0.0268, 0.0589, 0.0625, 0.6143, 0.0554, 0.0286, 0.0232, 0.0464, 0.0625],
    [0.0571, 0.0446, 0.0321, 0.0214, 0.0250, 0.4750, 0.0875, 0.0714, 0.0232, 0.1625],
    [0.0998, 0.0663, 0.0425, 0.0286, 0.0232, 0.0321, 0.4883, 0.1157, 0.0554, 0.0482],
    [0.0393, 0.0232, 0.0518, 0.0321, 0.0107, 0.0196, 0.1304, 0.6250, 0.0304, 0.0375],
    [0.0143, 0.0214, 0.0482, 0.1231, 0.0731, 0.0268, 0.0661, 0.0553, 0.5270, 0.0446],
    [0.0196, 0.0321, 0.0179, 0.0107, 0.0464, 0.1015, 0.0750, 0.0375, 0.0410, 0.6182]
])

cm_fine = np.array([
    [0.3435, 0.2236, 0.025, 0.0233, 0.0179, 0.1145, 0.0841, 0.0769, 0.0197, 0.0716],
    [0.1613, 0.4677, 0.0251, 0.0143, 0.0233, 0.0968, 0.052, 0.0412, 0.0556, 0.0627],
    [0.0161, 0.0125, 0.7321, 0.025, 0.0196, 0.0268, 0.0589, 0.0768, 0.0143, 0.0179],
    [0.0107, 0.0178, 0.0125, 0.5544, 0.0428, 0.0553, 0.0695, 0.0463, 0.1283, 0.0624],
    [0.0036, 0.0179, 0.0393, 0.0286, 0.7357, 0.0518, 0.0214, 0.0089, 0.0339, 0.0589],
    [0.0179, 0.025, 0.0107, 0.0143, 0.0161, 0.6786, 0.0446, 0.0214, 0.0357, 0.1357],
    [0.0804, 0.0607, 0.0321, 0.0339, 0.0232, 0.0554, 0.5054, 0.0929, 0.0554, 0.0607],
    [0.0196, 0.0161, 0.0554, 0.025, 0.0196, 0.0286, 0.0839, 0.7018, 0.0214, 0.0286],
    [0.0143, 0.0036, 0.0517, 0.0927, 0.0481, 0.0339, 0.0357, 0.0499, 0.6381, 0.0321],
    [0.0143, 0.0232, 0.0071, 0.0214, 0.016, 0.1176, 0.0588, 0.0107, 0.0196, 0.7112]
])

cms = [cm_ctnet, cm_satran, cm_fine]
font_arial = FontProperties(family='Arial')

# 字体设置（保持你优化好的大小）
anno_fontsize = 9.5
tick_size = 12
title_fontsize = 13

# ===================== 核心修改1：画布宽度=13，和中文图完全等宽 =====================
fig, axes = plt.subplots(nrows=1, ncols=3, figsize=(13, 4.5))
# ===================== 核心修改2：边距/间距完全复刻中文图 =====================
plt.subplots_adjust(wspace=0.08, left=0.05, right=0.88, top=0.95, bottom=0.05)

def plot_cm(ax, cm, labels, title):
    cm_percent = np.round(cm * 100, 2)
    sns.heatmap(
        cm_percent, ax=ax, annot=True, fmt='.2f',
        annot_kws={"size": anno_fontsize, "fontproperties": font_arial},
        cmap='Blues', vmin=0, vmax=80, cbar=False, square=True
    )
    ax.set_xticklabels(labels, rotation=0, fontsize=tick_size)
    ax.set_yticklabels(labels, rotation=0, fontsize=tick_size)
    ax.set_title(title, fontsize=title_fontsize, fontweight='bold', family='Arial')
    ax.set_xlabel('Predicted labels', fontsize=13, fontproperties=font_arial)
    ax.set_ylabel('')

for i in range(3):
    plot_cm(axes[i], cms[i], labels_english, model_names[i])
    if i > 0:
        axes[i].set_yticks([])

# ===================== 核心修改3：色柱位置=0.90，和中文图色柱对齐 =====================
cbar_ax = fig.add_axes([0.90, 0.12, 0.013, 0.76])
cb = fig.colorbar(axes[0].collections[0], cax=cbar_ax)
cb.ax.tick_params(labelsize=11)
for t in cb.ax.get_yticklabels():
    t.set_fontproperties(font_arial)

# ===================== 核心修改4：保存DPI=600，统一SCI标准 =====================
save_path = r"D:\EEG_HandWriting_Project_Code\SPD-HandWriteFormer\Figure5_English_CM.png"
plt.savefig(save_path, dpi=600, bbox_inches='tight', pad_inches=0)

plt.show()